0
18473
22087
41824
65298
72310
98233
119102
137156
148368
149853
176271
194086
215904
245484
250479
255001
283590
284399
313999
337849
358952
373405
404206
423932
438687
450716
474894
505994
528462
551645
580991
610739
619655
630069
658308
690792
723088
750971
768463
770511
796334
822372
841184
842709
868526
896429
914503
937885
945718
959244
966278
994545
1009476
1037081
1057954
1062072
1081819
1097233
1123731
1129254
1131921
1146989
1149493
1162333
1175461
1191310
1196296
1201881
1230838
1258707
1262494
1274908
1303164
1314035
1338119
1349236
1376632
1392002
1416269
1436252
1462168
1465612
1482561
1488925
1521055
1549208
1567971
1569857
1574652
1585974
1602590
1613586
1636614
1644594
1674272
1695527
1722957
1740213
1751054
1770490
1799305
1829886
1848573
1854267
1870771
1881923
1899784
1926935
1935329
1945876
1954540
1962841
1968720
1989794
1999840
2021715
2043823
2061573
2070534
2071382
2092134
2116939
2123512
2131253
2158696
2182937
2185710
2195724
2225995
2233551
2250589
2278000
2284143
2296144
2306103
2309358
2317113
2321615
2324740
2338550
2344217
2372874
2389133
2408067
2422229
2439198
2468538
2491941
2514266
2540251
2543333
2571624
2600917
2622937
2624498
2652925
2677327
2685749
2697513
2708201
2716338
2738119
2760236
2782118
2806937
2832512
2849861
2865418
2875789
2896317
2929072
2944286
2957104
2966758
2991403
3023531
3032170
3039297
3056787
3064648
3069702
3079541
3085086
3114364
3125040
3156736
3184956
3202562
3206259
3217830
3238223
3260786
3284490
3288098
3304640
3315059
3337290
3338763
3366048
3379817
3393316
3393568
3415956
3424254
3442616
3447221
3467934
3499827
3505535
3514848
3527278
3541494
3574085
3593747
3621370
3626680
3633942
3646821
3649250
3650370
3656319
3683824
3708236
3716744
3748071
3764298
3788671
3791160
3807499
3832825
3856236
3870510
3897655
3905733
3914738
3918467
3934970
3965531
3984799
4002162
4013263
4025644
4036150
4049175
4049262
4058318
4077147
4097262
4101730
4127799
4154194
4182631
4199920
4205429
4209703
4238035
4267708
4278806
4304194
4310827
4325834
4340937
4344523
4358469
4367273
4377084
4380300
4381999
4405295
4425187
4448693
4452872
4462195
4473599
4494921
4514373
4528861
4538396
4548887
4555932
4565531
4585099
4586057
4605050
4621930
4628565
4661251
4679322
4706532
4713092
4732893
4738274
4759119
4767675
4796567
4802105
4806506
4809723
4834837
4866750
4899376
4927284
4952991
4968862
4980568
4990840
5010270
5014081
5014751
5029396
5042223
5042889
5043811
5061306
5088952
5093000
5106411
5118518
5131293
5132972
5150161
5171100
5177289
5183490
5183928
5196578
5206303
5213974
5225926
5235481
5264252
5279932
5290298
5300981
5316313
5348830
5380854
5405424
5427656
5453227
5462450
5494723
5520659
5526752
5535792
5557136
5584767
5595164
5600231
5606651
5636504
5650695
5678306
5700592
5704302
5708934
5723547
5728334
5743730
5754835
5781584
5805993
5816263
5823389
5848330
5873330
5900660
5928351
5950762
5969919
6001859
6002911
6016453
6026682
6027539
6057935
6060919
6079213
6098586
6110517
6137304
6144722
6150863
6182162
6199008
6224855
6245160
6268623
6286837
6307162
6333087
6338234
6344130
6370256
6374652
6401770
6424630
6455876
6457121
6485337
6517109
6526955
6532401
6554659
6570042
6598368
6611224
6625115
6632050
6662770
6669134
6683693
6706364
6717014
6718864
6722485
6730574
6742120
6774540
6805859
6823361
6854791
6865532
6884163
6898515
6907597
6910316
6924494
6927307
6947477
6955679
6955762
6985334
6986849
7002773
7017271
7017427
7020731
7045089
7066880
7088517
7098851
7130910
7143287
7145580
7157360
7173155
7201605
7205511
7227460
7236481
7239305
7267434
7277964
7284564
7296251
7324434
7333437
7355906
7379370
7410688
7415366
7441934
7461237
7478880
7503626
7519991
7530667
7534753
7555424
7579351
7587431
7600026
7602927
7611682
7623346
7645518
7654303
7660756
7664369
7672946
7687691
7700339
7722366
7752677
7767165
7798084
7809512
7827151
7849220
7880510
7898954
7900543
7908387
7928336
7935125
7939129
7948041
7972267
7998768
8029872
8045444
8062469
8066050
8096715
8123208
8131738
8156161
8181313
8198001
8200312
8208931
8236049
8262800
8279904
8283020
8302484
8329849
8356943
8357080
8372185
8386550
8409312
8418263
8438640
8452922
8475522
8485829
8488354
8504310
8510618
8538720
8554796
8569830
8602228
8609542
8615756
8639501
8639981
8671443
8700678
8729981
8736680
8740774
8749035
8775933
8807478
8818907
8840183
8860734
8866396
8881005
8885129
8906833
8920170
8931489
8945258
8961235
8964132
8981831
9007534
9023197
9044102
9068939
9099903
9124036
9137029
9144176
9147500
9166639
9183888
9197177
9207657
9233963
9258660
9287774
9314036
9329255
9336003
9341170
9346829
9347661
9368514
9399258
9421950
9434098
9460325
9487514
9513979
9535516
9564652
9586907
9591878
9613532
9640945
9666068
9679121
9693931
9711336
9742736
9759253
9781865
9811865
9827986
9832269
9857855
9873426
9885182
9898636
9906050
9921059
9934621
9961866
9975541
9990847
10017394
10039453
10042175
10071638
10079895
10082056
10110857
10127638
10140212
10171982
10203002
10221764
10240930
10271950
10289297
10300266
10302344
10333267
10340410
10363689
10387235
10419029
10436130
10436208
10448194
10474713
10477999
10493599
10524242
10526879
10530290
10554750
10581716
10587065
10591433
10616163
10619692
10647739
10674147
10681550
10699527
10701439
10731181
10749078
10770409
10777934
10797515
10797638
10809903
10828062
10853916
10861637
10888770
10904118
10911684
10939413
10951656
10982429
10987005
11011962
11029760
11038872
11060699
11080444
11112693
11132698
11157182
11182039
11212417
11240068
11264336
11293431
11306290
11312952
11344099
11347981
11356300
11368708
11370265
11388847
11400782
11432613
11442503
11445781
11446794
11457341
11469481
11473528
11482828
11504363
11521053
11524523
11539659
11563134
11594641
11607753
11634170
11638230
11667003
11685237
11715035
11731114
11745791
11775599
11783260
11812069
11828375
11858091
11873386
11885822
11893095
11923876
11940106
11949471
11950193
11975984
11985843
11987198
12013118
12013476
12027717
12051669
12053168
12069111
12070308
12088835
12113669
12143437
12143785
12154283
12180498
12198991
12203193
12203407
12231286
12246036
12277602
12302623
12308392
12316034
12345554
12373333
12397530
12412349
12429395
12430528
12460979
12472337
12496578
12508452
12516389
12546733
12572789
12576742
12587397
12597750
12623064
12647016
12679659
12694241
12716446
12739777
12754816
12757639
12767704
12783038
12802998
12830342
12837253
12838546
12839018
12852858
12862038
12869233
12900202
12928413
12952322
12959952
12970521
12976682
12977126
12987623
12996431
13010690
13022342
13040425
13048263
13049616
13072391
13092953
13115497
13148123
13175675
13196363
13215425
13216487
13221897
13225200
13244241
13250804
13257595
13273551
13294767
13326012
13353384
13365045
13381716
13408856
13413594
13428127
13450492
13482444
13510550
13542979
13558967
13588029
13611348
13623678
13626241
13629386
13630330
13658634
13673218
13683447
13700723
13723527
13741314
13749213
13760120
13783900
13789391
13801501
13812726
13824648
13841975
13857110
13874126
13892495
13896962
13925958
13947382
13976441
14002422
14022824
14044256
14073314
14081514
14106860
14134553
14158214
14162251
14168885
14175370
14203025
14224076
14256357
14264312
14290930
14323331
14336431
14363922
14375998
14393666
14424728
14438452
14440925
14445861
14465287
14466669
14467102
14481158
14509538
14512734
14532006
14535884
14548789
14551306
14552533
14574925
14601708
14604978
14635559
14659954
14660848
14665649
14674873
14681868
14698076
14727668
14751220
14758461
14777127
14782600
14783734
14808190
14829495
14849106
14869857
14878790
14901965
14925771
14945936
14974406
15001441
15011111
15029651
15044102
15047399
15073932
15097123
15100982
15126710
15138244
15148002
15148294
15154414
15186503
15207080
15209651
15217400
15224261
15226453
15237440
15247603
15276509
15297703
15321019
15348940
15350505
15380097
15385238
15399604
15405624
15413855
15444621
15458480
15459113
15460979
15485707
15498944
15509861
15536075
15565457
15566388
15578745
15580881
15606918
15626744
15656974
15670591
15677321
15694545
15709944
15711346
15715298
15728621
15755775
15760630
15764097
15776193
15785234
15806259
15832884
15836176
15862711
15877850
15890146
15916215
15946197
15971869
15985516
15992632
16018244
16048113
16066703
16091275
16104744
16129412
16142966
16150283
16170125
16186963
16196932
16215815
