52388
3025
64637
47897
53995
65451
12615
59460
16907
47779
28647
16079
64005
52060
9524
37642
14270
64371
27958
15130
57598
44458
20069
53630
57644
24285
37276
12485
1610
4698
3277
54765
48032
12580
30904
24930
57406
27306
13768
46154
79
12881
42709
7112
41230
64471
38303
57945
37948
49353
57599
21065
26976
15492
7078
57311
54701
48170
49461
39124
5772
7626
57708
44234
62320
24028
6965
37406
43497
51154
10175
61455
3695
58323
5267
42174
57011
42274
22038
22453
16945
12642
43346
35280
58453
4849
978
51012
54620
30966
46085
59480
23337
45143
5264
24488
16182
39237
30472
47578
41490
4409
64316
18455
25537
5957
4799
42353
15215
36057
18873
26008
25640
34248
19099
55456
36922
64490
52544
56174
42297
47846
31070
9644
41073
31856
39432
17445
14948
27189
39683
22784
16404
48489
37495
4171
46977
39593
57603
51240
22593
59305
10546
23816
34850
62906
23597
5700
17492
62443
22216
57864
20316
7384
58623
2816
51981
8739
65183
19333
32578
2445
37464
8821
25627
20652
18611
29257
19314
64454
48148
11672
29312
9672
51160
26885
22147
41254
48533
62442
56530
22664
40716
17255
65065
61221
27275
18625
62525
59925
14787
53417
63056
41417
28277
28474
60332
51984
38426
16524
63389
28390
40361
63926
14519
15432
37327
53004
41479
50742
38093
35461
6141
13596
9470
8255
22655
25848
57874
64748
5948
15727
63504
60165
50884
7056
22966
34557
63299
29616
19626
61098
63234
58012
9612
21924
28767
60306
49957
62604
22711
50280
38279
64994
25634
11395
8477
52313
57059
11914
46484
57194
53127
23225
57105
50851
26610
63276
13102
15797
24793
32972
60942
11929
62794
49310
11150
26215
60623
33494
55293
43363
54734
27788
4461
46283
7882
32685
6137
11872
51657
116
63360
41835
43061
51152
18894
33044
21442
45876
13163
26173
58238
7414
39559
45784
56684
56187
31384
47336
22264
41051
46506
14167
5312
7623
20825
42517
50352
45404
17784
33914
59564
34806
57907
3516
31816
211
65129
2926
55842
16365
6706
39407
29673
18752
6340
38323
59766
2428
13476
41655
17979
28420
3286
46734
17686
12205
47019
15047
37613
18114
24910
3625
588
19531
16515
16420
26620
58360
23770
37192
38270
65521
25924
54590
18951
7272
30418
58752
29487
60497
24508
6123
10822
57509
29855
9996
16241
10567
11132
17701
6381
9516
15445
6879
13789
64734
16179
47549
51994
23189
34421
58544
39
54711
4131
26959
7057
57082
50155
54735
1479
26113
7175
30197
34260
25986
48830
53032
23411
17680
19678
36052
15253
3247
46827
64986
56640
44203
10117
35924
56401
48877
65180
28459
43719
48656
23754
49808
1950
33917
25457
5551
12438
14985
702
50061
64145
41124
1190
24334
9907
49684
62000
28665
10577
45011
36959
26313
28719
31351
33458
18102
19837
32563
17501
10148
37857
30651
9598
33882
45871
421
30902
51926
39616
24264
11829
58740
42471
39251
60836
22830
31919
33256
28233
6472
48931
59451
36683
40837
59499
9768
9837
5143
33018
32089
58636
3440
8237
47079
14211
31104
5839
65388
60400
45560
55287
29755
27363
18531
20161
59767
44551
16321
32702
29631
8139
51994
57012
34895
33527
11994
9980
4864
43620
36960
53251
44052
34811
43077
13342
27591
14053
55798
32016
27474
34838
58342
32285
61892
4441
32722
58479
26884
16192
1847
62212
19562
51545
49052
13682
18916
40380
24625
55882
14072
50895
53656
25079
26808
29442
3383
60994
34582
35637
25951
12847
25713
45502
49108
64508
31104
2371
23012
52857
54884
20735
19904
30050
2926
13031
7637
62601
23020
43115
12377
25971
30459
7133
9780
5295
4642
2097
59559
33483
57250
54610
53932
25758
1464
14085
31380
45310
56191
30073
59444
36190
64487
29528
55223
7528
52486
37870
33737
64020
280
36514
7989
18517
61497
57921
2156
62925
23718
48233
3407
47073
38356
28196
5308
46744
36103
47211
53961
50645
17827
35058
64949
11387
53795
63975
53544
63044
26925
18101
42383
60182
59783
50237
26231
35042
44660
1211
50848
52504
58105
1808
2089
33594
35391
28255
62438
180
24424
10938
27177
17975
8280
1229
41357
1231
8037
6134
21571
56766
24493
17555
33136
48792
33143
944
5477
40255
20284
8842
24752
14272
29722
51856
14710
18534
24611
48974
31912
50546
27183
61925
17328
64384
6248
57166
63205
20691
5139
46479
46291
17180
37155
60205
43260
14779
64216
58722
37253
22264
4676
64247
6735
54458
40505
46628
62127
14435
36095
46216
49966
54737
24866
5360
59103
34942
54722
37867
6612
4430
25635
32180
4296
18208
17680
35523
7976
56514
26647
53284
64608
20280
54951
49632
16997
532
63142
8283
6545
20977
62741
44729
31737
42723
22957
2756
43002
17927
57160
39999
28968
49951
23932
42346
42392
48370
64730
15709
19297
49454
30118
49792
65082
21495
34109
56613
44898
43827
40634
55997
53239
33566
38135
18276
59762
55390
17153
40995
38193
24766
11155
37399
62794
26138
31582
60401
27345
35868
37856
34597
33203
59597
16577
29984
30157
22061
26580
35645
28833
43080
34235
32388
41206
27558
47120
34208
40580
27687
47944
30333
35055
47037
57016
31341
60444
21709
63190
21463
29064
62314
11386
16282
40917
32198
51976
22063
36090
22791
60807
62123
13495
11904
59341
45598
45761
16495
15401
39907
38458
12011
49606
39893
57602
64585
46378
47474
39361
28001
54300
5407
35022
11509
27146
17362
16206
33711
35633
56773
45711
57867
23554
6793
58579
53603
35292
59366
32173
20466
25086
44736
8284
53683
50698
48038
23274
37512
39778
12169
26252
2910
60674
18528
42802
62199
30729
29128
64642
31139
39598
47932
63744
27234
60874
19460
62750
38199
12930
5569
34850
42932
43713
9375
8956
13426
37911
26822
38134
45861
62150
65352
63945
21122
30824
51948
39232
26079
24064
27791
21214
27986
89
23446
23064
20725
56722
23777
59910
37422
57329
58805
42914
23229
17060
65168
12571
24977
40325
63
46234
19990
869
31882
51622
19098
36497
56309
29930
54051
8363
43421
36319
65293
38935
18661
24505
52646
56950
25344
37545
43226
15075
57246
18103
59642
30820
47623
63040
47761
8121
42296
45466
11837
6846
50255
40962
19532
10911
62113
21008
56648
12270
18190
20286
55006
6036
58015
45463
25995
33105
20699
30750
51050
50807
3007
12277
18367
49616
15250
30486
54667
42757
54749
