0
0
1957538404
2815527921
3543149195
5368059808
5368059808
5368059808
5368059808
6905365386
6905365386
6905365386
7730773999
8741278062
9063445244
10228756128
12308136619
12308136619
12308136619
12308136619
12750204544
14741958789
14741958789
14741958789
14741958789
16127925042
16127925042
16127925042
16127925042
16530574661
16530574661
17454540038
17454540038
17454540038
17986078530
17986078530
18505659975
19809847084
20597810028
20597810028
20597810028
20607838440
22166146332
24139562657
24139562657
24139562657
24631681664
26345305589
27337642284
27337642284
29058019777
29058019777
29058019777
29610259443
30379947581
30379947581
30379947581
32157726431
33557336815
33811458410
33811458410
34434499681
35320540596
35320540596
35320540596
35320540596
36781270760
36781270760
36781270760
37210232586
37210232586
37210232586
37210232586
38387032540
38490516733
39657870443
39657870443
40914813786
40966182959
41486249835
42821952296
43050458513
44386856469
45815408514
45815408514
46811137008
47001873468
47023038701
47023038701
47607291476
47962699932
47962699932
47962699932
48331683873
49794651387
49794651387
49794651387
50336408933
50336408933
50336408933
50336408933
50336408933
50336408933
50336408933
50908642182
50908642182
52865907866
52901948840
52901948840
52901948840
53525197941
54325775630
54325775630
56052732985
56052732985
57236411252
57236411252
57236411252
57236411252
58539847185
58539847185
58539847185
60530576310
61738185420
61856881343
61856881343
61856881343
62489792777
62489792777
62489792777
62489792777
62489792777
63573132798
63573132798
63573132798
64638324027
64638324027
66645451083
67902524925
67902524925
67967489457
67967489457
68190086872
68190086872
68190086872
70033315805
70033315805
72112328619
72112328619
72701418942
72701418942
73067085421
75070363740
75070363740
76473844113
76690633208
76690633208
76690633208
76690633208
77066710703
78858832632
80361929880
81962193422
81962193422
82837277493
83101894518
83101894518
84918520307
84918520307
84918520307
84918520307
85669799231
86953382576
86953382576
86953382576
88142324601
89096662436
89096662436
90610663050
90610663050
90610663050
90610663050
91005516235
91811151461
93115909868
93115909868
93115909868
94458785227
94458785227
94458785227
94458785227
94458785227
95152797024
95152797024
95152797024
97269594391
97269594391
97269594391
97269594391
97269594391
97269594391
97447403438
99056208326
100139883334
100743098306
101315732088
102573024915
104697369394
105751765785
106032444655
106682652566
107218945897
107218945897
107218945897
107218945897
109288220873
109288220873
109899254150
111851861769
111851861769
111851861769
111927404058
112325308734
113785144708
115802497613
115802497613
115802497613
115802497613
115802497613
115802497613
117204481946
117204481946
117204481946
117596846939
117596846939
117596846939
118687905330
118687905330
119499431786
119499431786
121403004447
121403004447
121403004447
121403004447
121731979010
121731979010
122921870020
122921870020
122921870020
124741311203
124881066456
124881066456
124892025561
124892025561
124892025561
124892025561
124892025561
125939569571
126171841308
126171841308
127525353865
128500656921
129912178426
129912178426
130337298562
130337298562
130337298562
130337298562
130337298562
130337298562
130765648609
130765648609
132272801263
132272801263
132272801263
133521556896
133814350678
135777594980
137619154700
139726003958
139736501776
141561711603
143527375272
144726059796
145007000392
146044718253
146044718253
146044718253
147487459587
147487459587
147487459587
149004302411
151099068424
151099068424
151099068424
151099068424
151099068424
152575215201
152575215201
152575215201
152575215201
153312801477
153312801477
153903834756
153903834756
153903834756
153903834756
154063033114
154063033114
154063033114
154401478089
156239088292
156239088292
156910184749
156910184749
156910184749
157178148854
157441267061
157441267061
159342629157
159342629157
160822805333
160822805333
160822805333
160822805333
161278860163
163261224995
163261224995
163261224995
163261224995
165082187503
165082187503
167042558667
167783490134
167783490134
167918923503
167918923503
168235928702
168235928702
169705832642
170022770485
170022770485
170595892680
172135229323
173180822601
173180822601
175164018612
175164018612
175164018612
177005460811
177005460811
178836149390
178836149390
178836149390
178836149390
178836149390
179049475407
179244398970
179582745565
181099374001
181099374001
181099374001
181099374001
182244274296
182244274296
184235238032
186085880109
186085880109
186707427727
188522688044
189629662142
189629662142
189629662142
190346036685
191947702294
191947702294
191947702294
192116218096
194202343955
194202343955
195868597601
195868597601
195868597601
197630472226
199542304295
199542304295
199542304295
199542304295
199542304295
200084773295
200088364655
201116576966
201503773669
201503773669
201503773669
201503773669
201680409859
201680409859
201680409859
201680409859
202389796594
202389796594
202389796594
202389796594
202389796594
203507885645
205538108108
205538108108
207013872356
208753318334
208753318334
209054877442
210049343744
210097317111
210097317111
210097317111
211769495059
212343748545
213953468774
214998467760
214998467760
214998467760
214998467760
217107494524
219027125147
219027125147
220983931994
220983931994
220983931994
220983931994
221391498617
222332159880
222332159880
222332159880
224346138916
225514519554
225514519554
225706160885
226911921394
228158419880
229713894160
230985712681
231684965133
233454051068
233454051068
234059347464
234059347464
235819445765
236873572710
237417476772
237417476772
237417476772
237417476772
237417476772
237417476772
237417476772
237417476772
237417476772
238828172423
238828172423
238828172423
238828172423
238828172423
238828172423
239926788371
239926788371
240499071095
240499071095
240883304364
241618362143
241618362143
243030006317
244997611411
245762315031
246560815335
248145468527
250090774207
250090774207
250090774207
250090774207
250090774207
250090774207
251631866334
251631866334
252209404419
252209404419
252209404419
252209404419
252454451288
252666290215
252666290215
252666290215
252666290215
252666290215
252666290215
252666290215
252666290215
253585676779
254266890494
256136277255
256136277255
256136277255
256136277255
258234064566
259665480263
259665480263
259665480263
261761736081
261761736081
261761736081
261761736081
262552262840
264234547979
264234547979
264566900124
264566900124
264566900124
266012025457
266012025457
267857148212
267857148212
267857148212
267857148212
269893483177
271235680261
272331339238
274200498805
274715762181
276586158299
276586158299
276586158299
276586158299
276586158299
278362665831
278857730993
280149616864
280149616864
280321624980
280786501360
280786501360
280786501360
280786501360
280786501360
280786501360
280786501360
280786501360
280786501360
281183633946
283012078208
283147160569
285090445643
285090445643
286590072307
286729528023
286729528023
286729528023
287843826344
287843826344
287843826344
287898285070
287898285070
287898285070
288886255191
288886255191
288886255191
288886255191
289140774419
289140774419
290185485619
290619431213
290619431213
290619431213
290619431213
290828548931
291056588373
291056588373
291056588373
291056588373
291056588373
291873744666
291969164245
293705173868
293705173868
293705173868
295626225943
296130435315
298122723214
298122723214
298122723214
298122723214
298122723214
299630716426
301589215853
303511867891
303735842493
303735842493
304719475499
305243877629
305243877629
305243877629
305243877629
305295598342
305904072449
305904072449
307946086132
307946086132
307946086132
308076040619
309562539640
309562539640
310459191488
311103038138
311103038138
311103038138
311103038138
311416645167
311601017359
311782129956
312349403559
314435087870
314435087870
314435087870
314435087870
316236434404
316236434404
316236434404
317422454507
318130774169
318610307820
318610307820
318659808240
320601356988
322433438571
323740488113
323740488113
324623203398
324623203398
326128435829
326128435829
326128435829
326128435829
326128435829
326128435829
328059253617
328952637101
328952637101
330001926100
331976843396
333112736523
333237910477
334202807141
334202807141
334202807141
334202807141
334202807141
334202807141
334202807141
334202807141
334202807141
334202807141
335033261097
336359996271
336359996271
336359996271
336359996271
337140405993
337140405993
337140405993
337140405993
337974405460
338851937763
340872399036
341763261846
341763261846
341763261846
341763261846
341763261846
343141590669
344742338559
344742338559
346212115879
347680874521
349609858467
351650299923
351650299923
353192595007
354268392724
356248891082
356248891082
356248891082
356248891082
356248891082
356402683940
356402683940
357577620910
358284772843
358642244582
358832912497
358832912497
360540600019
360540600019
362306704196
362306704196
362306704196
364269795384
364269795384
364269795384
364269795384
365952324217
365952324217
366830542741
366830542741
367368286967
367368286967
367368286967
367862385735
368312228205
368312228205
369336719417
369336719417
371139426559
371384485574
371384485574
371384485574
371384485574
372839779558
372839779558
372839779558
373036956365
373036956365
373510074495
373510074495
373510074495
375244438740
377132344887
377132344887
378059593862
378795173965
378795173965
380891150733
380891150733
382292353484
382292353484
382292353484
384116613884
385192748567
386050466394
386050466394
387049964500
388772182995
388856136000
388856136000
389151544460
389583880351
389833437005
389833437005
391466666528
392657551956
392657551956
392657551956
392657551956
392657551956
392657551956
392657551956
392657551956
392657551956
394291113861
396053032690
396053032690
396053032690
396053032690
396053032690
396053032690
396053032690
396053032690
396053032690
396870703052
396870703052
398408533667
398408533667
398408533667
398408533667
398408533667
398408533667
400388291116
401906690986
403188504729
404259440547
404259440547
404259440547
405980421205
405980421205
406148999890
406148999890
407115837495
407115837495
407115837495
408178769157
409001080846
409001080846
409001080846
409318866300
409318866300
409318866300
409318866300
410325341236
410325341236
411115390479
412014792762
412014792762
412035432744
414169743794
414169743794
414169743794
414790523694
416534726866
416842980422
418772463218
418772463218
418772463218
418772463218
418940368706
418940368706
418940368706
419820870844
419820870844
420073825238
421289576589
421289576589
422399991018
422399991018
422399991018
422399991018
422399991018
422399991018
422650240832
424404716097
424404716097
424404716097
424404716097
424404716097
424404716097
424404716097
424404716097
425553342764
427194991088
427194991088
427607098419
428344163754
428344163754
430445980826
430485224159
431489350570
432539040534
433130855399
433130855399
434330647194
434330647194
434330647194
435961514705
435961514705
435961514705
436782382853
436782382853
438388588907
438388588907
438388588907
438388588907
438388588907
438388588907
438771601963
438771601963
440637235396
440637235396
440637235396
442066032509
442066032509
443156738462
444899772879
444899772879
446335345019
446335345019
446335345019
446335345019
446335345019
446415057627
446415057627
446509509726
446509509726
446509509726
448372117277
448372117277
450282986597
450282986597
451308532467
451308532467
451681110226
451681110226
452072857908
452821459972
454898483938
455754941410
455978606884
455978606884
455978606884
455978606884
455978606884
457956745798
457956745798
459481217577
459481217577
459542680557
460364181559
462177859639
463674573811
463693076998
463693076998
464749408295
464749408295
464749408295
464844934101
464844934101
466854879596
466854879596
467804926821
468543347869
468543347869
468543347869
470422810126
470759247291
472261727509
474359333232
474359333232
476441986639
476441986639
476441986639
476441986639
476441986639
476441986639
476441986639
476441986639
476441986639
476441986639
477004308060
477004308060
477004308060
477004308060
477560119481
477560119481
478579148503
480117892701
480117892701
481164279544
481164279544
481164279544
481164279544
481164279544
481164279544
481164279544
483267339643
484744342549
484744342549
485277627595
486600247681
486600247681
486600247681
486757477673
487929074237
487929074237
488148108492
488387221932
488387221932
490371647210
490371647210
490371647210
490409910711
491512617128
491518276416
493573949060
494599567899
494599567899
495358281110
497346031914
499131018236
499131018236
500618058750
502341730244
502341730244
502356110903
502370274157
502370274157
502370274157
502370274157
502370274157
502571407430
503127459832
503643619510
505528977153
505528977153
507217058408
