0
395796872
2166817069
3535564960
4756400777
5692960773
6673066296
8094652599
9640779887
11675908978
12423774598
14568126685
15650706244
17515248315
19036381921
20305562210
21547027661
22619737416
24412146214
25168551308
26893648078
27828940930
28304092306
30433707492
30670372400
31193898440
32643979045
33178193853
34294619392
35640959070
36999230103
39100602986
39364468419
40157981400
42082917743
42733726390
43376627362
45287091059
45824107943
46813249804
48217687797
49054865141
50702762866
52804417247
53071632793
54861044083
55300132497
57028599487
58746286252
60468368547
62534189003
63083043508
65013847319
66416921361
67925403631
68579447875
69784133747
71612370910
72830033403
73520019893
75651495883
76440767086
78377467347
80261717010
81790895275
82301949323
83717007635
84664074580
85033253395
86539680139
88539681656
89509066323
91043728057
92080896228
92084829285
93074793448
93762031145
94269152954
95321034486
95983198921
97827695162
99100178156
100517247543
102617579932
104669769304
106243903244
106841500396
107381074115
107699037743
108987684830
111054612592
111201632093
113031921955
113872795328
114387054129
116183919879
118155215916
119326576281
119997477699
121310235594
123428770686
123774287796
124229282183
124381926859
126152063376
127139550745
128824956398
130250658347
131617532155
131890451930
132190124877
134139002018
135475613356
137544649949
138253183320
138363624277
139867136502
140787255709
141694392612
142985424483
143233578997
143568801373
144990263501
145672838308
146110887884
146353197148
147083321261
148114110761
149732173115
150980905594
152256396461
153226949865
154375343880
156187845334
157769132080
159855183925
161200113357
161590401770
163011844885
163764180821
164065582991
164901468567
165578990671
167272402406
167309674676
168001214124
168793296534
170528597101
171215434452
172020475753
174089584563
174142192548
174687650780
175036556149
175632339681
177646956796
178183960587
180083610059
181130233795
182264612823
182965593417
184859329829
185889896315
186561051391
187808656979
188007270232
188094634317
188834726350
190194092866
191302200111
192767522920
194465172630
196124271849
196710413370
197337502777
197740934071
198286186631
199283948562
199831993567
201880308981
203692659030
204143080602
204324721973
206232277638
206994931062
207081856702
207342959606
207995076435
208762026915
209274864917
211281098096
212361968626
213826303820
215519838738
216126293849
218041085916
218619986052
220557365537
221024636986
221702144599
223016961348
224490267199
224726367216
226559364764
228176767372
229175549832
229849304771
230394070704
232352404435
233959066688
234562328729
235410716791
235843197787
236603759827
237204126146
237996728452
238329470419
238358683466
239143549652
239440014868
240349075921
242304615354
244158189863
246032503762
247660151728
248428891186
249804407148
250616805577
251601084984
253151437716
254845790670
256777114890
258306005153
258508477165
259911750966
261474745748
262626417528
263042303175
263655395624
264941935345
265781306830
267626233330
268543301555
270303084038
271278922825
273328220988
274974717685
275795000989
276363912070
278198164400
280273532869
280781539119
280880973660
281198655173
282122165481
282414426460
284464474222
284712613377
286657965157
287940497051
288965393814
290388713883
291001912422
291059781801
292827156143
293079254930
294617814342
296272428335
298025559602
299888221376
301593563684
301693354009
302172049193
303632822107
305531699604
306671527981
308191644927
309228587642
311073538024
312847069520
314117690018
315948327433
317806025878
319024674836
321155700358
322886964924
323723654190
324479889899
326232897781
326575430004
327483408491
328896544157
330642999872
331967802781
332038957022
332329998195
333791614529
334595998215
334954180269
337071027356
337253151422
338864902073
340931625459
341067465033
342676760090
344297973301
345839152938
345919616254
346336941028
347413005495
349114495289
350500366495
352099857597
353192761325
355237450899
355779432883
356779833107
358343732136
360067501043
361374072417
362076618298
362315503618
362751747883
364058273184
364532338008
366222600574
367610901902
369385314085
369822925736
371902135199
372171830643
373529022089
374039308189
374410900857
375774612046
376610448670
378028791378
379852853175
380231961312
382154610184
382229890267
382402511770
383495131395
383943704584
385947474153
386910599796
387564899465
389551917181
391012070984
392965229841
393664770741
395664767774
396351977139
397240539814
398304361427
399573449206
401201027462
401471944364
403038943319
403228494084
404459032765
404882761016
405474795304
406458464552
408034175190
409699571019
410551209588
411313712570
413242499335
413483384985
413801320611
414453690460
414832861511
415658725451
417590644449
418671738507
420494398393
420618804787
421030736575
423115273309
423604076261
425640092156
426890727533
427187220480
428257842768
429283791316
430891207435
430900576619
431434583786
431835362827
432445062290
433709429196
434883009743
435406104357
435813548757
435959801383
437686835178
438308759026
440287603485
441130522809
442038000873
442750121233
443299843547
445353991302
445360789514
447319348079
447326028780
448712054436
448798768959
449541222208
450292922113
450594885827
452213741869
452815544558
453066352276
453345312867
454575064707
454951171457
455961137916
456321881676
457762167587
459653056508
460344481811
461482549685
462587129004
463296061752
463677675775
465643948720
466099295192
466858364339
467193509506
467699670841
468432975402
470131265747
470354059634
471740458644
472009246086
473937810732
475356148416
475803346516
476391373582
477518033204
477578218139
477686480031
478606256869
480111284210
481033474088
481305701162
481320920641
481708721448
482739815253
484867384940
486948043099
488342326383
488750459456
489978918026
491678411441
493509814993
493840595898
494755897209
494891055401
496742949466
498531123299
499205551582
501144891010
501618220827
501966076887
502222835226
504032932770
504843533614
505119442811
506979219228
507798350909
509552590632
510199079002
510314183266
511858341713
513295287439
514571927973
515309243060
517206575614
518624708543
518745832768
519054275353
520761274929
521929237190
522136329197
522829599107
524220901036
526334808771
526386816653
527996182703
528354402782
529115474220
530867261944
532663766211
534493863200
535242707614
536962227955
538456311331
540145326525
541019787926
541340374962
543174082038
543388171608
545497009069
545829465219
547967332341
550043606831
551975429064
554036037889
555338503388
556145310634
557882821563
558910083943
559417790754
560861354954
562397145579
563142811512
565061806945
566304871920
566843875173
567039276675
568412048896
569378383226
571378882289
573053611518
573198389130
574593511097
575774246291
577848712753
578119464255
578616777916
580655234063
582753542790
584352504679
585200721529
585345491169
587147076841
587890042575
588448981193
590033445418
590950960574
591840516871
592566500028
594142668566
595136072183
596205430998
596392810953
598141206595
599835898043
599882104931
600551117649
601800461967
603904993832
605974768283
607946758399
608409882606
609956139181
610585568590
610703385982
610895051184
610897485435
611363763580
612631727872
614593478590
616444694670
616533859177
618204054830
620097151062
622222803152
622675233752
622915262427
624680289205
626438967504
628448627214
629538454562
629939533636
632074081944
633063224834
633076161870
634800030644
636860224784
637414988358
637524778784
638234809750
639491154310
640229391664
641669959410
643473188844
645177929667
647284306097
648512395555
649515636781
649756972606
651268396140
652512538736
654361887564
655416144872
655605740926
655830953101
657312023333
657362041095
658911965060
659844513198
660979538934
662741363896
663715490390
665473051220
666854957375
666964844664
667283687416
667963761919
669411807656
670361508693
671919656525
672917839668
674573623636
675717733930
676618948591
677616736086
679708762674
681846831739
683196698580
683751962335
684523745733
686626622823
688510309150
689715900014
691579489249
693480359983
695186394278
695981774122
697339959783
697976489946
698635584961
699319871747
700833009139
700853605743
702455766971
703167128900
703664542078
705224966210
705803927944
707302604033
708558194438
710562569188
712572779829
714514357982
715723953695
717156467486
717689499781
718398291884
719233036678
719582632335
721313717330
722170921311
723579567784
723599285596
724599858717
725813683161
725914484255
726463394426
727918915420
730032817428
730820938927
731978819856
732704384507
732945272347
733339995183
734341503085
736300525977
736888799841
736899578868
737417494557
739376060667
740262559472
742180700208
743276574868
743667422010
744452263662
745943502795
746056832234
746760122400
748342596343
749520910382
751269195576
753175898955
754335666392
754544828048
756127707402
756712093051
757741885720
758243712562
758919102825
760471902115
760558356450
761483320088
761602677240
763014187813
763652832956
764916422839
765913619634
766209368789
767706107043
767849028637
768607247290
769130764327
770267091446
771585382675
772896742597
775020955679
776500823482
777340527026
779486017948
781098804081
782841207227
783372077042
784059193138
786157538652
786992583419
787011229874
788877346010
789007162563
790989931529
791695314875
792864468240
794060827379
794211905183
795989548081
796406503765
797447869351
798891092514
800858637576
802458018480
804394811845
804913661046
804996003048
806416924731
807956143187
808094984879
809763040527
810228841804
810524843806
811590582034
812673619623
813967177915
816094667427
816317667832
816901775895
818844739256
819964153511
820128926462
821483445192
822493783739
822926781194
823553574934
825273767400
827258640146
828203760212
829899378665
830625644187
831888795516
832323748216
833031789849
833917973044
835791111277
836063139922
837182693333
837997990101
838654086228
839243585109
840443300676
840871565074
842479032459
844089517820
844872424525
846736994566
847399828312
849136650603
850011412278
851316422504
853423746183
853679158987
854289306004
855469882889
857187202582
858410558171
859438773788
861273690970
862588537475
863820677694
864524289994
864630818917
866059716145
867171580417
869192614365
869682434234
870053459291
871699796947
873024080429
873136701909
874328739882
874466101880
875688592213
876050968959
876396656216
878420949492
880013911100
880293030564
882430938106
884145960691
884418368115
885863884839
886544986326
886584101091
888150906091
889705577766
890316907474
890731379267
892392295551
894001744442
894186454018
894670514867
895635453914
896949098283
898939795651
900028106294
901824340023
902597714087
904216035964
904947285293
905340757109
905415057763
907132931436
907457253517
908737900550
909881644606
911495882769
912673390024
912883483443
914071385305
914229499567
914346380783
915848268344
916049708065
917194716517
918926459796
920047638718
921353862751
921666105953
922008754902
922941388581
924635323440
925149743529
925512222514
926077470506
927609364482
928675922939
928753521282
929587125605
930405937534
930631799367
932573444284
934018811166
934407049331
935331624770
936920912866
938918820857
940426174134
940798281870
941659513779
943409908482
944041080953
944272075006
945281021065
946493913730
947588270744
948520105323
950219104505
952101058107
953983159910
954327348651
954919444898
955860733808
956852472421
958865701653
960886822587
962859360847
963465375618
964407291429
964542885591
964961549357
965931508295
967617750199
969689679454
970053154842
972052445053
972298187353
973151572807
975141953363
975276843983
975606660142
977086949496
977767559936
979161961950
980142436853
980497667187
980900404440
982870764118
984309867942
985540384435
987025923094
987543232883
987708969755
989811760948
991756885057
992291927419
993421787485
994316796874
996014275417
997962557889
998704545547
999381978785
1000597494992
1000848466314
1002318730057
1004116132213
1004833210079
1005620676217
1007697597659
1009369407753
1009813692341
1010455526894
1011363606728
1013243352147
1015250393086
1016922580190
1017855640095
1019026414300
1020377065532
1020483748257
1020984898639
1021649130975
1022710681218
1024579687228
1024942670236
1024955111325
1026460406271
1027722337695
1029443909410
1029866628195
1031270025696
1033382611545
1034876715003
1036700829908
1038432894229
1039272521039
1040079278329
1042096693472
1044178161760
1044424488159
1044676732534
1045448483580
1046056521797
1046322005245
1047069203898
1048530729734
1048557206607
1049410516176
1050461506437
1051496249457
1051862405423
1052477464127
1053084076321
1053448325917
1053968115505
1055911061240
1056842844567
1057508868713
1059031011975
1060094681713
1062103310456
1062781614591
1063519111921
1063693116507
1064724544443
1066844887000
1068570998841
1069912822553
1070002809405
1071149250298
1072635615499
1073921261984
1074280603726
1075722850919
1075962909089
1077945274463
1079606313949
1080976210893