0
14047
36314
40870
42949
66179
70492
72453
89046
96367
115842
135810
157994
188286
213205
237292
262525
277850
288905
318773
327519
348542
349615
364644
390836
413627
445123
451076
468190
482498
494983
514195
529531
549159
565392
592313
609395
633380
633949
657333
680493
708238
740617
771177
797701
800596
806573
824187
828509
851955
870733
881593
910471
919346
937601
937643
954479
979967
1005078
1027754
1055825
1072659
1094244
1099116
1108455
1139889
1142274
1173274
1180633
1185333
1200108
1219950
1224780
1230283
1244130
1276041
1297966
1306256
1318352
1331839
1356880
1369688
1401142
1428402
1434852
1450650
1466861
1468495
1485090
1506928
1515784
1525193
1526942
1530774
1553971
1584968
1593958
1615617
1624119
1632877
1640957
1664093
1674162
1689245
1706409
1729796
1749060
1781355
1810400
1816227
1842565
1857202
1883529
1888834
1915523
1947084
1947286
1948931
1961469
1988516
1999738
2016666
2023864
2054819
2056407
2080546
2108997
2118719
2136100
2156860
2178267
2204294
2229782
2235828
2266633
2276987
2293002
2306284
2329032
2357079
2357945
2361858
2388534
2413432
2425228
2448257
2478008
2510068
2522582
2523409
2544403
2555183
2569143
2578922
2580742
2594729
2617554
2638984
2654167
2676035
2699474
2710322
2734308
2742317
2746422
2757548
2781863
2795637
2807783
2824254
2827638
2836673
2846281
2868509
2873942
2874334
2898033
2919250
2924548
2925414
2930272
2938333
2963258
2989119
3013829
3032610
3040333
3066901
3069283
3099846
3104697
3116637
3130527
3135235
3147195
3154553
3184258
3191165
3198133
3213847
3220828
3235984
3255394
3284303
3306548
3312649
3326201
3343407
3347902
3371091
3378502
3397204
3398777
3419842
3436326
3467831
3483918
3506308
3528938
3545195
3568766
3583526
3600357
3611073
3631386
3646861
3670080
3674617
3689025
3711597
3729091
3737539
3741924
3765230
3773476
3785928
3804239
3824912
3825253
3825303
3830084
3861379
3892266
3893437
3913265
3924047
3927378
3936507
3948384
3960085
3973579
3996136
4023628
4055363
4086515
4087260
4091896
4107211
4123071
4149970
4160724
4173069
4194498
4211832
4211995
4222829
4223279
4244171
4268139
4272122
4277816
4305485
4322194
4330944
4353451
4375693
4398048
4413828
4429433
4457388
4485934
4509752
4515423
4527193
4541346
4549256
4574470
4588977
4598064
4612248
4633155
4662592
4670506
4694743
4723529
4735966
4750805
4772378
4799130
4824063
4853679
4882903
4899644
4902260
4924949
4955661
4975216
4997796
5021835
5022186
5037018
5047867
5058733
5083683
5096284
5118679
5131099
5136503
5155468
5162052
5175608
5204858
5217521
5246233
5275405
5293253
5325039
5353330
5359171
5385472
5398522
5403232
5423628
5451266
5464388
5493252
5523271
5538007
5560355
5577184
5601881
5602506
5634975
5654550
5678324
5682007
5684618
5715820
5731237
5762810
5793014
5817022
5841626
5852184
5873167
5904385
5910866
5930158
5954880
5955133
5974710
5977033
6000847
6017038
6038300
6058850
6063218
6085912
6111802
6125464
6152234
6165620
6195781
6197396
6211197
6222107
6234497
6246789
6247925
6279489
6291919
6305573
6311165
6330703
6333666
6351482
6378210
6396521
6418342
6441812
6449562
6455162
6481469
6491684
6493637
6521090
6546704
6555361
6581905
6613329
6629948
6652315
6672504
6679662
6710278
6714243
6736768
6750624
6765496
6790495
6791192
6820260
6839280
6843355
6865576
6894263
6916961
6942702
6943506
6964008
6994701
6998812
7006074
7030705
7058375
7064022
7084935
7101247
7105264
7115296
7147978
7162776
7182817
7202075
7208382
7220875
7222603
7240848
7260477
7267579
7276527
7282955
7289245
7309238
7316281
7342866
7349006
7371411
7378123
7391424
7412734
7431668
7449676
7481263
7495916
7504122
7514985
7523786
7524276
7525946
7551792
7569289
7573918
7580441
7591485
7604626
7630797
7636038
7662885
7682460
7685408
7706387
7721093
7747459
7767056
7785232
7814712
7836701
7853064
7878297
7899870
7909042
7919050
7920792
7950055
7957048
7964260
7986567
7998181
8007039
8007442
8015983
8018277
8024705
8048903
8049535
8066401
8096351
8107861
8111169