0
1297843929
3015801424
3965484768
5395534818
5731529119
7344950912
8878084890
9742043178
11807377621
13478219876
15184409328
15374323451
16034299581
16862789639
17553202183
17816922899
19212730968
20035233582
21800267420
23100188989
23144751391
23957793583
23991490165
24221026286
24920201470
26693727903
27685612223
27699074664
28228822521
29015842901
30289886304
32353758457
33359400720
34166295882
35199779404
35320838106
35584585181
35961561804
36674538313
37003437597
37293663333
38075168397
40049382576
40328816183
40333126821
42066182665
43631975845
43844546979
44309685590
45827913410
46340179527
47138849052
47753230184
49152649432
49860641365
50715957995
50948679604
53054365044
54321766096
54474212563
55346634857
55727694477
55857041937
57064864532
57625081265
58249342345
59594474968
59808982527
60568084744
62188181039
63580963543
63722676142
65648715476
65783176054
67600391467
68314886984
68331065772
70168147881
72114403675
73079641961
73721112292
74566639979
75747375428
77751762196
78049341372
79345348353
81232451710
82311800011
83294382816
85020633481
85220669376
85829731123
86609555849
87732974973
88002219700
88571762392
89754375144
89872698893
90484634569
90714613898
91840636990
92696766682
94165475704
95662737350
97093468207
97548382079
98512148615
98592926921
100603244497
101335192699
102608484031
103445594541
104369801709
104936464617
106835235224
107863829535
109328674041
110447128730
110875761765
112199534903
113722012751
114679835136
115119430003
115351577822
116838160660
118003914613
119859318174
120622403151
121380177505
123211358039
123865916898
125551051571
126911011866
127116718206
127299876451
128706052817
128782570502
128929796237
130031841901
132067390167
133666534548
134416306577
135538439400
137379616572
138652054756
139326475394
141102737612
142828861114
144174280065
145334621722
147180181765
148794039646
150751471955
150837590911
152965130069
154550830772
155934548557
156660411468
158747074986
160200839431
160951332175
163090272109
164333053295
165246530362
165360734401
167207344210
168057436241
170149430971
171977947497
173143116291
173528479234
173617958667
173969373427
175416552830
176852937325
178869387360
179804533174
180631427319
181127210981
182956809949
184832723760
186374077809
187901436114
189233866728
190248436410
192311969831
192436585546
192818761487
194259133427
196052499797
196180956463
197002047499
197515324514
198443633107
198839085880
199761588059
201428800979
202598850828
203504010621
203801598707
204980304619
206281331913
206374112756
207325017222
208275505522
209855605850
211391374698
212611475177
214501551575
214782253201
216519559025
218328219659
219497905004
219949152792
221016591816
221911900422
222570384600
222591305632
222964208319
224094399950
225198866505
226029762919
226939529735
227371884009
228906609354
230625163150
231823564676
233239865296
233992271469
234036699355
234455851930
234980137056
235496314519
237380884285
238277133412
239884025822
241842355723
242895755186
243424037743
245553739291
246838884911
248530238219
248565649261
249586093877
251626344203
251779618043
252420735321
254547227229
256672294774
256725778183
257357214867
259445529668
260233946373
261548291276
263229790594
264798006950
266025308977
267180408604
267624634903
267893245522
267904497964
268362646385
268446400478
270184229228
270309588475
272210453825
272755868408
273427658540
275276581437
277048180379
277396167062
278483032773
280356440881
280883596716
282418468710
283970886363
286116147824
286462119056
287182218365
289146631960
290036614628
290934210817
292017883953
294156164433
295432391531
297521146203
298585855097
299102361549
300052943815
301213697151
302183604791
303261216283
304275071023
305365125633
305845874431
307410455041
307951113765
309026635832
309512934104
311640230413
312140164358
314162148774
315916903540
317985178414
318698322120
320670907188
320932349536
322436303606
323620826489
325052732616
326365063081
328412888034
329385766639
329677565359
330470930302
331057544526
332183255097
333451556456
335049212741
336137039981
337563459133
339432089918
340953427629
343059823591
345192851733
345221565246
346782510389
348654356364
349805754278
349921941254
350934686891
352725078428
354088933608
354585155304
355397326882
356568080165
356724555367
358694915050
359870829284
360126062850
360582046597
362169276184
364117705432
365013024490
365271989483
366450389688
366860343779
368566161944
370295667632
372017389767
372430374333
372759933200
374412093379
374444936285
376170669507
378213271029
378263915778
378683241312
379942313532
381715988732
382141738641
383473272338
384530049180
385062588535
385422568418
385709375990
387659085880
388325269493
389723339517
389771289999
390662161145
392426977275
392565396341
394156094067
395497059711
397461549015
399060327843
400699902779
402159702597
403626244871
405407527307
407444591302
408775602997
408827212733
409065384194
409498520152
411269356856
411297979383
411562934412
412347581457
413108424002
413719144115
414694046316
416805590839
418349686347
418576429747
419792088944
420839283678
422277570506
422290487398
423275507958
425328102245
425466424356
427403674714
429220665253
430526692170
432611985044
432621744084
433989505638
435843448795
436992950282
437477105910
439025336585
440982117433
441032874627
441173373953
441416785453
441961823542
441973955159
443747518253
444912923606
446071362695
446387416320
447627885214
448831721033
450501902810
451005498591
451681570283
452030093455
453894262579
454229262701
455633902785
457732965951
458716618285
460533937003
462470583321
462616143348
464392371088
464393208974
464892924301
466549469188
467779561149
468714488348
470018274883
470861978861
472744063608
474238566916
474743885546
476146812660
477235674236
477554905578
478163323477
480304140931
480639521147
482343376821
484170076208
484562342077
485211695845
485543658248
486288531778
486633998278
487517834254
488243980095
489109652184
489992340558
491412905008
493550652762
494825967287
496052686789
497171444412
499307709800
499460954416
501529485008
503352648584
505365051108
507200042698
507563737975
509378998357
511039154062
513031045891
513179412104
513761041710
513931454520
515061670314
515349119921
515692690718
516936748820
517760961616
518860577748
519960945847
520330764009
520802227536
522374760722
523729651713
525104296661
525430465013
525852956689
526426267952
528130113015